<?xml version="1.0" standalone="no"?>
<!DOCTYPE svg PUBLIC "-//W3C//DTD SVG 20010904//EN"
 "http://www.w3.org/TR/2001/REC-SVG-20010904/DTD/svg10.dtd">
<svg version="1.0" xmlns="http://www.w3.org/2000/svg"
 width="300.000000pt" height="300.000000pt" viewBox="0 0 300.000000 300.000000"
 preserveAspectRatio="xMidYMid meet">
<metadata>
Created by potrace 1.10, written by Peter Selinger 2001-2011
</metadata>
<g transform="translate(0.000000,300.000000) scale(0.100000,-0.100000)"
fill="#000000" stroke="none">
<path d="M1475 2690 c-3 -5 -27 -10 -53 -10 -26 -1 -67 -5 -92 -10 -28 -5 -52
-4 -64 2 -15 8 -22 7 -30 -4 -14 -18 -184 -73 -214 -69 -13 1 -25 -4 -28 -13
-8 -20 -157 -106 -184 -106 -12 0 -24 -9 -29 -22 -11 -29 -140 -144 -166 -150
-12 -2 -20 -12 -20 -24 -1 -12 -20 -47 -43 -78 -23 -31 -45 -62 -48 -70 -3 -8
-16 -17 -30 -20 -19 -5 -24 -13 -24 -39 0 -18 -11 -55 -24 -83 -13 -27 -26
-59 -30 -72 -4 -12 -16 -27 -28 -33 -15 -8 -19 -17 -15 -37 9 -40 -22 -184
-44 -208 -17 -18 -17 -22 -4 -40 20 -27 20 -181 0 -208 -13 -18 -13 -22 4 -40
46 -49 42 -168 -7 -246 -24 -39 -28 -93 -8 -128 17 -31 65 -62 96 -61 23 1 22
2 -6 10 -17 5 -43 21 -58 35 -35 36 -36 103 -3 148 13 17 27 48 30 70 8 51 30
83 80 114 l42 26 1 180 c0 167 2 188 28 271 108 357 366 616 721 722 84 25
103 27 275 27 172 0 191 -2 275 -27 355 -106 617 -369 721 -722 45 -156 44
-463 -3 -534 -15 -23 -14 -24 3 -16 11 4 33 10 50 13 l32 4 12 98 c17 131 8
319 -21 430 -85 331 -321 608 -631 742 -138 59 -230 79 -403 85 -128 4 -165 2
-255 -17 -416 -85 -741 -397 -851 -815 -21 -80 -24 -112 -24 -282 0 -238 -10
-254 -29 -48 -2 22 -2 -7 -1 -65 4 -135 -12 -90 -21 61 -21 330 102 649 340
884 235 233 542 350 872 331 538 -30 989 -440 1069 -973 21 -141 17 -296 -11
-409 -5 -19 -2 -24 14 -24 16 0 21 9 26 49 4 29 14 55 26 66 18 17 19 20 5 41
-20 32 -20 181 0 208 13 18 13 22 -4 40 -22 24 -53 168 -44 208 4 20 0 29 -15
37 -12 6 -24 21 -28 33 -4 13 -17 46 -30 75 -13 28 -24 65 -24 82 0 24 -5 32
-25 37 -14 3 -25 10 -25 14 0 4 -21 36 -47 71 -26 34 -47 72 -48 83 0 12 -8
22 -20 24 -26 6 -155 121 -166 150 -5 13 -17 22 -29 22 -27 0 -176 86 -184
106 -3 9 -15 14 -28 13 -31 -4 -200 51 -214 69 -8 11 -15 12 -30 4 -12 -6 -36
-7 -64 -2 -25 5 -66 9 -92 10 -26 0 -50 5 -53 10 -3 6 -15 10 -25 10 -10 0
-22 -4 -25 -10z"/>
<path d="M1320 2624 c-364 -70 -665 -288 -827 -599 -74 -143 -124 -326 -122
-443 2 -50 3 -47 9 28 40 442 351 823 785 964 192 62 478 62 670 0 436 -141
747 -526 785 -969 7 -82 7 -85 9 -28 0 34 -5 95 -13 135 -81 423 -399 766
-817 884 -83 23 -115 27 -274 29 -99 2 -191 1 -205 -1z"/>
<path d="M1453 2338 c1 -51 -2 -103 -6 -114 -7 -20 -4 -22 28 -22 l35 0 -6 39
c-5 32 -4 39 10 39 17 0 32 -41 22 -65 -4 -12 3 -15 30 -15 32 0 34 2 28 28
-4 15 -13 37 -20 50 -13 19 -12 25 1 46 34 51 -8 106 -81 106 l-41 0 0 -92z
m87 17 c0 -24 -6 -37 -20 -45 -18 -10 -20 -8 -20 28 0 41 5 52 27 52 8 0 13
-12 13 -35z"/>
<path d="M1113 2342 l-32 -17 25 -40 c20 -34 30 -59 60 -153 5 -16 72 10 92
35 27 37 10 118 -36 166 -30 31 -62 34 -109 9z m98 -67 c21 -48 22 -86 3 -92
-12 -4 -65 117 -57 130 12 19 36 3 54 -38z"/>
<path d="M1840 2319 c-11 -21 -40 -63 -65 -93 l-44 -55 30 -15 c29 -15 31 -14
36 5 3 12 12 19 22 16 16 -3 17 -10 7 -37 -5 -11 3 -19 23 -27 l30 -11 12 57
c6 31 20 79 30 106 10 28 19 51 19 51 0 1 -18 11 -40 22 l-41 20 -19 -39z m32
-69 c-16 -49 -25 -59 -37 -40 -6 10 35 90 47 90 3 0 -1 -22 -10 -50z"/>
<path d="M862 2167 l-22 -23 45 -33 c24 -17 47 -36 50 -41 9 -15 -58 8 -88 31
l-28 20 -19 -23 c-11 -13 -19 -26 -20 -29 0 -4 18 -19 41 -35 22 -15 58 -48
80 -72 l39 -45 19 24 20 24 -27 20 c-15 11 -38 30 -52 43 l-25 23 40 -16 c22
-9 51 -23 64 -32 22 -14 25 -14 48 10 l25 24 -51 37 c-28 21 -66 55 -84 77
l-34 39 -21 -23z"/>
<path d="M2119 2114 c-18 -20 -54 -50 -79 -67 -25 -16 -47 -32 -49 -34 -3 -2
11 -19 29 -38 38 -39 72 -45 119 -20 42 21 81 72 81 105 0 26 -42 90 -59 90
-4 0 -23 -16 -42 -36z m66 -45 c10 -16 -72 -89 -100 -89 -40 0 -36 14 18 58
54 43 71 49 82 31z"/>
<path d="M1375 2116 c-142 -33 -239 -90 -338 -196 -68 -73 -120 -167 -140
-249 l-12 -51 -172 0 c-104 0 -173 -4 -173 -10 0 -5 9 -32 20 -60 20 -50 20
-50 0 -100 -11 -28 -20 -55 -20 -60 0 -6 69 -10 173 -10 l172 0 13 -55 c9 -40
10 -60 2 -75 -6 -11 -7 -20 -2 -20 5 0 15 14 22 30 16 38 55 70 86 70 31 0 64
-33 64 -65 0 -14 8 -33 18 -43 16 -17 18 -17 48 0 24 14 48 18 103 16 68 -3
71 -2 71 20 0 13 14 37 30 54 26 26 36 30 66 25 20 -3 44 -16 55 -28 10 -12
19 -17 19 -11 0 8 23 12 68 12 71 0 159 19 221 47 54 25 102 63 95 75 -5 8 -1
9 11 4 14 -5 16 -4 6 7 -8 11 -7 24 3 53 l15 39 -1 -50 c0 -58 -10 -100 -23
-100 -16 0 -36 -16 -31 -24 6 -10 -80 -46 -157 -65 -32 -9 -92 -17 -133 -18
-74 -3 -74 -3 -74 -31 0 -27 0 -27 25 -11 46 30 125 -3 125 -52 0 -13 11 -34
25 -48 33 -33 32 -54 -7 -112 -60 -87 -157 -111 -220 -55 -29 25 -33 35 -33
78 0 26 4 56 9 65 6 13 4 15 -14 11 -13 -4 -19 -11 -16 -20 9 -23 -34 -112
-67 -137 l-29 -23 72 -18 c54 -13 99 -16 186 -13 120 5 153 -6 58 -18 -85 -10
-222 1 -284 24 -55 20 -140 39 -129 28 3 -3 48 -19 101 -35 122 -38 214 -47
308 -31 46 8 75 9 79 3 6 -10 45 -33 55 -33 17 0 3 19 -18 24 -14 3 -29 18
-36 36 -11 27 -9 41 25 138 21 59 46 123 56 143 14 28 15 39 6 49 -10 10 -9
11 3 4 8 -4 46 -7 83 -5 50 2 74 -1 92 -13 25 -16 25 -16 25 18 0 41 37 76 82
76 24 0 29 5 35 30 8 44 25 37 18 -7 -5 -28 -4 -34 4 -23 6 8 11 25 11 38 0
22 0 22 175 22 106 0 175 4 175 10 0 5 -9 32 -20 60 -20 50 -20 50 0 100 11
28 20 55 20 60 0 6 -69 10 -173 10 l-172 0 -12 51 c-30 126 -139 274 -260 355
-127 84 -327 123 -468 90z m275 -21 c170 -45 325 -172 398 -325 42 -90 60
-150 44 -150 -5 0 -15 21 -21 46 -47 187 -221 357 -418 408 -78 21 -228 21
-306 0 -197 -51 -371 -221 -418 -408 -6 -25 -16 -46 -21 -46 -16 0 2 60 44
150 73 153 226 279 393 325 68 18 237 18 305 0z m27 -56 c111 -37 222 -122
290 -222 15 -23 31 -44 34 -47 4 -3 17 -34 30 -70 27 -78 61 -124 78 -107 8 8
11 8 11 -1 0 -7 15 -11 40 -10 23 1 45 -3 51 -9 9 -9 15 -140 7 -149 -2 -2
-30 -5 -62 -8 -55 -4 -82 -16 -99 -43 -4 -7 -15 -13 -23 -13 -9 0 -41 -18 -73
-40 -50 -35 -81 -49 -81 -36 0 13 28 55 33 49 8 -8 10 2 11 89 1 38 -3 70 -9
72 -6 3 -5 8 2 13 7 5 9 14 3 22 -4 8 -6 20 -3 28 3 8 -3 13 -17 13 -11 0 -18
5 -15 10 3 6 15 10 27 10 19 0 19 1 -3 19 -20 16 -21 21 -10 35 12 14 10 15
-18 5 -17 -6 -31 -12 -31 -14 0 -1 7 -19 15 -38 20 -48 19 -83 -6 -136 -19
-43 -20 -44 -34 -24 -13 19 -13 25 0 50 28 54 9 132 -41 172 -13 10 -24 22
-24 25 0 14 31 4 58 -19 26 -22 31 -23 42 -10 7 8 20 15 29 16 9 1 5 4 -9 8
-14 5 -29 4 -34 -1 -24 -21 -26 -5 -2 19 31 30 28 42 -6 19 -36 -25 -46 -18
-13 10 26 21 27 24 8 21 -11 -2 -28 -9 -37 -16 -9 -8 -19 -11 -23 -7 -4 3 0
12 9 19 8 6 18 21 22 31 6 17 5 17 -11 5 -10 -8 -21 -18 -25 -24 -4 -5 -10 -6
-15 -2 -4 5 -3 11 2 15 6 4 16 15 24 25 12 16 12 17 -5 11 -10 -4 -25 -14 -31
-22 -7 -9 -16 -13 -19 -9 -4 4 -1 14 7 23 7 9 14 26 16 37 3 21 2 21 -17 -3
-11 -14 -20 -28 -20 -32 0 -5 -7 -8 -16 -8 -13 0 -12 5 5 26 12 15 21 32 21
38 0 6 -4 5 -9 -3 -6 -9 -11 -10 -15 -2 -4 6 -12 9 -17 5 -6 -3 -7 5 -4 23 5
23 2 20 -14 -12 -23 -47 -20 -56 11 -29 21 19 21 19 14 -1 -5 -11 -10 -27 -13
-36 -5 -16 -40 -14 -180 9 -29 5 -66 7 -82 6 -36 -4 -39 2 -10 25 17 14 20 23
14 50 -9 41 -19 32 -17 -16 0 -33 -1 -36 -11 -19 -7 10 -20 28 -30 40 -17 20
-17 20 -2 -18 8 -22 13 -41 10 -44 -6 -7 -8 -5 -28 38 l-17 35 0 -32 c0 -17 5
-35 10 -38 13 -8 13 -25 1 -25 -5 0 -13 9 -16 20 -3 11 -13 20 -21 20 -8 0
-14 5 -14 10 0 6 -5 10 -11 10 -6 0 -1 -13 11 -30 12 -16 19 -30 15 -30 -3 0
-1 -9 5 -19 9 -17 5 -21 -25 -31 -19 -6 -39 -9 -44 -6 -5 4 -13 1 -17 -5 -5
-8 -3 -9 6 -4 9 5 11 4 6 -3 -5 -9 -14 -7 -32 4 -23 16 -24 18 -8 35 16 18 19
18 41 4 26 -17 47 -11 39 10 -3 8 0 16 7 18 8 3 7 10 -5 23 -17 17 -18 17 -18
1 0 -11 -8 -17 -25 -17 -14 0 -25 -4 -25 -10 0 -5 -7 -10 -15 -10 -9 0 -20
-12 -26 -27 -9 -23 -7 -30 13 -45 19 -14 20 -18 6 -18 -9 0 -20 5 -23 10 -3 6
-11 10 -18 10 -8 0 -8 -3 1 -12 14 -14 -2 -38 -27 -38 -10 -1 -5 -7 13 -16 21
-12 31 -13 40 -4 8 8 7 14 -4 21 -13 9 -13 10 2 6 9 -3 24 3 33 13 10 11 52
34 94 51 65 28 87 32 156 32 131 -2 335 -57 308 -84 -7 -7 -21 -4 -44 10 -104
61 -301 67 -421 12 -62 -28 -124 -98 -120 -135 5 -38 -15 -57 -32 -33 -17 22
-58 24 -50 2 4 -8 1 -22 -6 -30 -10 -12 -9 -15 9 -15 12 0 21 6 21 16 0 9 6
14 13 11 7 -2 12 -21 12 -45 0 -23 4 -42 8 -42 5 0 5 -4 2 -10 -8 -13 66 -65
123 -86 58 -21 63 -26 53 -43 -7 -11 -21 -8 -73 16 -76 36 -124 81 -139 133
-14 45 -39 45 -36 -1 1 -20 7 -29 20 -29 21 0 21 -9 2 -34 -8 -11 -15 -33 -15
-50 l0 -30 -20 22 c-15 16 -32 22 -62 22 -31 0 -49 7 -68 25 -18 17 -40 26
-79 30 -30 3 -56 7 -58 8 -1 2 -6 38 -9 80 -6 71 -5 77 12 78 105 2 133 15
154 72 42 107 79 166 155 243 44 44 100 90 123 103 52 26 145 58 187 65 61 9
201 -4 262 -25z m-64 -304 c15 -4 27 -11 27 -16 0 -5 7 -6 15 -3 11 5 13 2 9
-10 -3 -9 -1 -16 5 -16 6 0 11 5 11 10 0 14 52 -14 95 -51 43 -38 61 -95 45
-144 -18 -55 -29 -58 -111 -30 -41 14 -76 25 -79 25 -16 -2 55 -30 110 -45 65
-18 88 -30 78 -40 -4 -5 -83 23 -270 97 -16 6 -28 15 -28 20 0 5 4 7 10 3 6
-3 5 5 -1 23 -11 31 -9 31 -110 7 -17 -5 -30 -1 -38 9 -17 20 -57 21 -65 1 -4
-11 -22 -15 -71 -15 -37 0 -65 4 -65 10 0 6 8 10 18 11 15 0 15 1 1 7 -30 13
-2 58 32 54 4 -1 5 7 2 17 -5 21 59 56 142 77 50 12 187 12 238 -1z m-967
-225 c8 -88 9 -84 -19 -88 -23 -3 -23 -1 -23 78 0 70 2 80 17 80 15 0 19 -13
25 -70z m102 52 c-1 -10 1 -24 3 -32 3 -11 -6 -16 -33 -18 -37 -3 -38 -2 -38
31 0 33 2 35 34 35 26 0 34 -4 34 -16z m591 6 c-3 -28 2 -38 20 -38 11 0 23 5
27 11 3 6 17 9 30 6 13 -2 29 2 35 9 19 23 55 17 55 -8 0 -29 -49 -80 -69 -72
-19 7 -57 -12 -57 -29 0 -25 19 -39 57 -46 21 -4 48 -4 59 0 21 8 20 9 -15 13
-14 2 -27 8 -29 14 -4 14 -32 16 -32 3 0 -5 6 -12 13 -14 6 -3 8 -6 2 -6 -5 0
-17 4 -25 9 -11 7 -12 12 -3 21 15 15 106 39 114 30 4 -3 10 -25 14 -48 6 -40
6 -41 -25 -48 -51 -11 -184 10 -173 28 4 7 0 8 -11 4 -20 -8 -79 19 -71 32 2
5 -3 8 -12 7 -9 0 -27 14 -40 33 -24 35 -30 71 -13 71 6 0 10 -5 10 -12 0 -9
3 -9 12 0 7 7 34 12 60 12 34 0 50 5 54 15 7 18 15 20 13 3z m937 1 c5 -8 9
-7 14 1 14 23 42 3 38 -27 -4 -35 -31 -41 -46 -11 l-12 23 6 -22 c4 -18 1 -23
-15 -23 -24 0 -27 10 -8 29 10 11 10 14 0 18 -7 3 -13 9 -13 14 0 13 27 11 36
-2z m120 -69 c0 -76 -1 -81 -20 -78 -12 2 -20 6 -19 10 1 4 -2 21 -7 38 -5 18
-5 32 1 36 6 3 9 16 8 27 -3 39 1 47 19 47 16 0 18 -9 18 -80z m-1213 -10 c35
-75 168 -133 296 -129 43 2 66 -2 69 -9 5 -15 -28 -15 -136 -2 -156 20 -262
80 -262 149 0 42 11 39 33 -9z m-428 -35 c0 -20 -5 -31 -17 -33 -14 -3 -18 3
-18 22 0 14 -4 26 -10 26 -5 0 -10 -11 -10 -25 0 -14 -4 -25 -10 -25 -5 0 -10
9 -10 19 0 11 -3 27 -6 36 -6 14 0 16 37 13 41 -3 44 -5 44 -33z m910 -9 c60
-24 119 -46 130 -50 17 -6 13 -10 -25 -27 -55 -25 -145 -49 -182 -49 -25 0
-28 3 -27 33 l1 32 8 -30 c6 -25 8 -26 9 -7 2 35 -20 112 -30 106 -5 -3 -9 -3
-9 0 0 2 -3 11 -6 20 -9 24 10 20 131 -28z m613 19 c-3 -16 -1 -25 7 -25 8 0
10 9 7 25 -3 19 0 25 13 25 11 0 15 -5 12 -15 -4 -8 -2 -17 3 -20 20 -12 -3
-35 -35 -35 -31 0 -33 2 -32 35 1 23 6 35 15 35 10 0 13 -8 10 -25z m-363 -85
c10 -16 -51 -70 -79 -70 -35 0 -33 16 3 28 17 6 36 20 43 31 14 23 24 26 33
11z m-991 -22 c3 -13 6 -32 6 -42 0 -29 -17 -7 -25 32 -7 36 9 45 19 10z m243
-28 c8 0 11 -4 8 -10 -3 -5 0 -10 8 -10 8 0 20 -7 27 -14 10 -13 7 -14 -17
-12 -15 2 -34 4 -40 5 -24 2 -52 39 -46 60 5 20 5 20 26 0 11 -10 27 -19 34
-19z m-17 -72 c0 -10 -22 -10 -36 0 -6 4 -16 17 -23 29 l-11 22 34 -22 c20
-12 35 -25 36 -29z m650 0 c0 -3 -9 -4 -20 -1 -25 7 -51 -13 -43 -34 5 -12 1
-14 -16 -8 -20 6 -22 5 -12 -13 18 -34 13 -34 -29 -1 -44 35 -50 49 -22 50 9
0 42 8 72 18 52 17 69 15 70 -11z"/>
<path d="M1480 1914 c0 -12 -7 -15 -25 -12 -27 6 -34 -13 -15 -42 8 -12 10
-11 10 8 0 12 5 22 10 22 6 0 10 -9 10 -20 0 -11 5 -20 10 -20 6 0 10 18 10
40 0 22 -2 40 -5 40 -3 0 -5 -7 -5 -16z"/>
<path d="M1510 1898 c0 -21 5 -38 10 -38 6 0 10 7 10 15 0 8 5 15 11 15 6 0 9
-9 6 -20 -3 -11 -2 -20 3 -20 11 0 20 27 19 53 0 12 -3 16 -6 10 -7 -19 -30
-16 -42 5 -8 14 -10 10 -11 -20z"/>
<path d="M1585 1892 c-4 -20 -3 -38 3 -44 12 -12 21 31 12 58 -6 16 -8 13 -15
-14z"/>
<path d="M1638 1893 c-21 -25 -29 -51 -18 -58 6 -4 10 -4 10 -2 0 3 7 21 15
41 17 40 15 44 -7 19z"/>
<path d="M1101 1644 c11 -14 10 -19 -9 -34 l-21 -18 24 -4 c17 -4 25 -1 25 9
0 9 6 13 15 9 10 -3 15 1 15 13 0 12 -11 23 -31 30 -28 10 -30 9 -18 -5z"/>
<path d="M1428 1733 c-11 -3 -15 -11 -12 -21 5 -15 4 -15 -6 1 -12 18 -40 24
-40 7 0 -5 10 -20 22 -32 11 -11 22 -31 24 -42 1 -12 3 -25 4 -31 5 -24 -1
-34 -17 -28 -15 5 -16 4 -5 -8 11 -12 15 -11 26 4 7 9 25 17 40 17 52 0 44 50
-8 53 -17 1 -24 7 -21 15 3 8 5 18 5 23 0 17 18 9 23 -11 4 -14 14 -20 35 -20
33 0 49 15 48 45 -1 27 -42 32 -67 9 -17 -15 -19 -15 -19 -1 0 19 -9 25 -32
20z m100 -35 c2 -9 -4 -18 -13 -21 -8 -4 -15 -2 -15 3 0 5 -7 7 -15 4 -17 -7
-20 7 -4 23 15 15 43 9 47 -9z"/>
<path d="M1576 1708 c-29 -41 -16 -76 24 -63 23 7 26 41 6 68 -13 17 -15 17
-30 -5z"/>
<path d="M1294 1672 c1 -17 7 -28 19 -30 30 -6 67 7 67 24 0 18 -32 32 -38 16
-2 -7 -13 -12 -25 -12 -16 0 -18 3 -9 9 11 7 11 9 -1 14 -10 4 -14 -2 -13 -21z"/>
<path d="M1655 1666 c-17 -12 -18 -17 -6 -39 12 -23 16 -24 43 -15 37 13 47
37 23 54 -24 18 -36 18 -60 0z"/>
<path d="M1361 1631 c-19 -12 10 -30 34 -21 19 7 19 7 -1 18 -11 6 -26 7 -33
3z"/>
<path d="M1595 1630 c-3 -5 -14 -10 -25 -10 -18 0 -36 -42 -25 -60 8 -13 65
-13 85 0 8 5 15 21 15 35 1 20 -3 24 -18 19 -12 -4 -17 -2 -13 4 3 6 2 13 -3
16 -5 4 -12 2 -16 -4z m12 -32 c16 -27 11 -38 -17 -38 -36 0 -49 19 -25 37 23
16 32 16 42 1z"/>
<path d="M1240 1617 c0 -26 29 -41 58 -31 43 15 34 38 -15 42 -32 2 -43 -1
-43 -11z"/>
<path d="M1699 1599 c-22 -16 -22 -17 17 -18 21 0 46 -2 54 -4 15 -2 20 4 20
26 0 19 -64 16 -91 -4z"/>
<path d="M1660 1552 c-32 -26 -18 -42 36 -42 27 0 43 4 39 10 -3 5 0 7 8 4 25
-9 29 14 5 30 -30 21 -61 20 -88 -2z m74 -1 c4 -5 -3 -7 -14 -4 -15 4 -19 2
-15 -10 5 -11 0 -13 -20 -10 -20 4 -23 8 -14 19 13 16 55 19 63 5z"/>
<path d="M1438 1536 c-43 -11 -61 -46 -23 -46 12 0 29 7 36 16 7 9 22 19 33
23 33 13 -4 18 -46 7z"/>
<path d="M1275 1535 c-5 -2 -22 -6 -37 -9 -29 -7 -39 -38 -18 -51 10 -6 68 -9
123 -6 28 2 19 21 -13 28 -27 5 -35 14 -31 36 1 7 -6 8 -24 2z m2 -33 c0 -10
-10 -18 -24 -18 -24 -2 -32 21 -10 29 24 10 36 7 34 -11z"/>
<path d="M1699 1378 c-11 -21 -11 -22 4 -10 9 8 25 11 36 7 10 -3 22 -2 25 3
3 6 -4 12 -17 16 -33 9 -35 8 -48 -16z"/>
<path d="M2325 1819 c-22 -10 -65 -23 -95 -30 -30 -6 -60 -13 -67 -14 -8 -3
-6 -20 7 -62 16 -50 21 -58 41 -55 32 4 33 7 13 37 -18 28 -12 41 21 47 14 2
20 -2 19 -14 -1 -13 5 -18 22 -18 26 0 29 7 14 30 -7 11 -5 17 8 22 37 14 44
9 40 -27 -4 -32 -3 -34 22 -28 14 3 26 7 28 8 2 2 -5 30 -15 62 l-18 59 -40
-17z"/>
<path d="M631 1789 c-7 -23 -11 -42 -9 -43 2 -2 34 -17 71 -34 38 -17 81 -41
97 -52 26 -18 28 -18 33 -2 2 9 8 25 12 35 5 13 2 17 -14 17 -14 0 -21 6 -21
20 0 16 5 19 23 15 18 -5 26 -1 35 20 16 36 17 35 -30 35 -24 0 -74 7 -113 15
-38 8 -70 15 -71 15 0 0 -6 -18 -13 -41z m122 -25 c14 -5 26 -34 13 -34 -11 0
-96 40 -96 45 0 6 41 0 83 -11z"/>
<path d="M2622 1424 c-2 -63 -15 -144 -28 -178 -5 -13 -4 -17 3 -13 16 10 35
134 30 198 l-3 54 -2 -61z"/>
<path d="M1376 1275 c-19 -19 -10 -45 16 -45 10 0 16 -4 13 -10 -3 -5 -17 -10
-31 -10 -17 0 -24 -5 -24 -20 0 -13 7 -20 20 -20 46 0 80 76 48 108 -16 16
-23 15 -42 -3z"/>
<path d="M468 1259 c-56 -29 -87 -106 -56 -137 33 -33 104 1 80 38 -24 39 10
70 76 70 46 0 72 -22 55 -48 -5 -10 -18 -19 -28 -20 -15 -3 -17 1 -11 23 6 23
4 26 -15 23 -15 -2 -26 -17 -40 -53 -10 -27 -28 -58 -40 -67 -26 -22 -68 -23
-75 -3 -7 18 -35 20 -52 3 -14 -14 -16 -62 -2 -88 21 -40 90 -33 131 15 l22
25 11 -23 c17 -34 78 -36 111 -3 26 26 35 92 15 112 -7 7 0 17 20 32 44 33 39
81 -11 107 -41 22 -145 19 -191 -6z m140 -148 c3 -10 0 -12 -12 -8 -9 4 -16 2
-16 -3 0 -6 5 -10 10 -10 6 0 10 -4 10 -10 0 -16 -37 -12 -44 5 -3 8 -3 22 1
31 7 18 45 15 51 -5z"/>
<path d="M983 1263 c-10 -10 -29 -51 -43 -90 -16 -48 -32 -76 -46 -84 -36 -19
-45 -4 -26 46 17 48 13 62 -14 47 -11 -6 -26 -6 -44 1 -22 8 -33 7 -54 -6 -46
-30 -75 -112 -57 -160 14 -36 46 -35 81 3 l29 31 3 -28 c4 -41 45 -39 73 3
l21 32 11 -29 c14 -37 54 -48 89 -23 15 11 41 26 58 36 30 16 31 15 34 -5 9
-55 49 -62 86 -14 l26 32 0 -28 c0 -31 24 -46 49 -30 17 10 70 82 71 96 0 4
-7 7 -15 7 -8 0 -15 -4 -15 -10 0 -5 -9 -10 -20 -10 -24 0 -26 20 -4 62 18 35
6 60 -20 39 -11 -10 -19 -9 -35 1 -27 17 -81 -9 -101 -48 -14 -27 -38 -53 -50
-54 -3 0 -4 19 -2 43 5 53 -17 79 -50 58 -29 -18 -33 -6 -13 39 22 49 9 74
-22 43z m-173 -151 c0 -21 -18 -42 -37 -42 -20 0 -27 28 -13 45 18 21 50 19
50 -3z m210 2 c0 -8 -4 -12 -10 -9 -5 3 -10 -3 -10 -14 0 -12 -6 -21 -14 -21
-22 0 -28 17 -16 40 13 24 50 27 50 4z m190 -2 c0 -21 -18 -42 -37 -42 -20 0
-27 28 -13 45 18 21 50 19 50 -3z"/>
<path d="M2023 1264 c-21 -9 -16 -51 7 -57 26 -7 53 15 48 39 -3 19 -31 28
-55 18z"/>
<path d="M1497 1158 c-63 -78 -71 -114 -37 -148 35 -35 77 -26 127 25 45 48
53 65 28 65 -8 0 -15 -4 -15 -10 0 -23 -27 -7 -38 23 -10 27 -10 34 3 43 19
14 19 30 -1 38 -26 10 -32 7 -67 -36z m23 -53 c0 -27 -25 -44 -41 -28 -10 10
16 53 32 53 5 0 9 -11 9 -25z"/>
<path d="M2115 1184 c-32 -104 -110 -148 -82 -47 6 23 8 45 4 49 -11 11 -44
-24 -52 -54 -6 -24 -30 -51 -47 -52 -4 0 -4 15 -1 33 3 23 -1 39 -15 57 -19
23 -23 24 -53 13 -26 -10 -35 -10 -41 0 -13 21 -32 -11 -71 -119 -42 -115 -47
-154 -18 -154 20 0 36 31 47 93 7 41 21 49 26 15 4 -32 39 -34 74 -6 16 13 42
29 57 36 26 11 28 10 23 -6 -4 -10 0 -26 7 -36 21 -29 58 -14 89 37 33 51 66
84 92 89 35 6 27 -18 -14 -47 -35 -24 -70 -69 -70 -90 0 -10 28 -5 32 6 3 9
13 8 39 -1 45 -16 87 3 113 52 21 37 63 75 90 80 35 6 25 -17 -20 -50 -61 -45
-92 -116 -35 -80 16 10 23 10 33 0 22 -22 59 -13 94 22 25 25 34 30 34 17 0
-56 60 -65 92 -14 15 24 18 25 18 8 1 -63 56 -57 96 11 25 43 27 71 2 46 -7
-7 -21 -12 -31 -12 -21 0 -20 7 4 67 15 38 6 52 -23 34 -14 -9 -23 -10 -31 -2
-20 20 -49 11 -84 -26 -19 -21 -45 -48 -56 -60 -21 -23 -77 -32 -77 -14 0 6
13 17 29 27 23 14 61 61 61 76 0 2 -26 3 -57 3 -32 -1 -64 3 -70 8 -9 6 -16 1
-23 -18 -5 -14 -10 -30 -10 -35 0 -23 -61 -70 -90 -70 -38 0 -38 11 0 33 24
15 60 62 60 80 0 2 -26 3 -57 2 -32 0 -64 3 -70 8 -9 6 -15 3 -18 -9z m-227
-71 c2 -9 -6 -11 -30 -7 l-33 5 24 -20 c23 -21 23 -21 2 -21 -27 0 -38 25 -20
46 14 17 50 15 57 -3z m677 7 c10 -16 -14 -50 -35 -50 -14 0 -20 7 -20 23 0
13 3 27 7 30 10 10 41 8 48 -3z"/>
<path d="M1060 972 c0 -16 41 -42 65 -41 17 0 17 2 -5 10 -13 6 -33 17 -42 26
-10 9 -18 11 -18 5z"/>
<path d="M2395 947 c-19 -6 -43 -28 -63 -57 -126 -183 -343 -329 -592 -397
-93 -25 -387 -25 -480 0 -250 69 -469 216 -592 398 -31 46 -35 48 -75 47 -49
-1 -49 0 21 -96 162 -220 422 -380 695 -427 351 -62 717 53 965 303 96 97 189
224 173 234 -13 9 -11 9 -52 -5z"/>
<path d="M510 944 c0 -18 99 -152 161 -218 142 -152 332 -267 534 -323 94 -26
112 -28 295 -28 183 0 201 2 295 28 259 72 506 249 647 463 23 35 44 61 46 59
3 -2 -15 -35 -39 -72 -54 -85 -213 -244 -299 -301 -401 -265 -894 -267 -1290
-6 -101 66 -246 211 -310 309 -28 44 -56 80 -61 79 -5 -1 -16 -2 -24 -2 -25
-3 -18 -41 9 -48 14 -3 27 -12 30 -20 3 -8 25 -39 48 -70 23 -31 42 -66 43
-78 0 -12 8 -22 20 -24 27 -6 155 -122 166 -151 7 -16 15 -22 28 -18 11 3 37
-7 61 -23 23 -15 59 -36 80 -45 21 -10 41 -26 43 -37 4 -14 13 -19 29 -17 32
4 200 -51 215 -70 9 -13 16 -14 30 -5 12 8 35 9 68 3 28 -4 68 -8 89 -8 22 -1
48 -8 58 -18 17 -15 19 -15 36 0 11 10 36 17 63 17 24 1 64 5 88 9 30 6 51 5
63 -3 15 -9 22 -8 31 5 14 19 183 74 215 70 13 -1 25 4 28 13 8 20 157 106
184 106 12 0 24 9 29 23 11 27 137 140 165 147 12 4 21 14 21 26 1 26 100 161
124 169 11 3 21 18 23 36 4 28 3 30 -21 23 -14 -4 -33 -6 -42 -6 -9 0 -26 -18
-39 -40 -35 -63 -134 -177 -213 -246 -127 -112 -255 -181 -443 -239 -85 -26
-99 -27 -294 -27 -196 0 -209 1 -295 28 -179 55 -309 124 -439 232 -69 58
-195 208 -222 264 -17 35 -34 52 -34 34z"/>
<path d="M1010 902 c0 -5 -16 -27 -35 -49 -27 -32 -32 -43 -22 -51 10 -8 22 1
50 39 34 47 40 69 16 69 -5 0 -9 -4 -9 -8z"/>
<path d="M1952 890 l-23 -19 30 -41 c16 -23 31 -46 33 -52 3 -7 17 -2 36 12
24 18 29 26 20 37 -9 11 -13 10 -24 -4 -11 -15 -15 -16 -26 -4 -10 11 -10 14
0 18 6 3 10 9 7 13 -3 5 -12 7 -20 3 -9 -3 -15 1 -15 11 0 9 7 16 15 16 9 0
12 6 9 15 -8 19 -14 19 -42 -5z"/>
<path d="M1045 871 c-3 -5 -1 -12 5 -16 15 -10 12 -21 -16 -54 -23 -28 -25
-51 -4 -51 5 0 19 18 31 40 17 30 27 39 41 34 28 -8 21 12 -11 35 -33 24 -37
25 -46 12z"/>
<path d="M1872 838 c-33 -20 -35 -43 -3 -33 13 4 22 -5 36 -35 17 -37 33 -49
48 -34 3 3 -8 25 -24 47 -17 23 -25 43 -20 45 12 4 15 32 4 31 -5 0 -23 -10
-41 -21z"/>
<path d="M1112 768 c-33 -52 -35 -65 -7 -55 23 9 30 7 27 -8 -1 -7 4 -15 11
-18 20 -8 54 113 35 124 -23 15 -32 9 -66 -43z"/>
<path d="M1792 798 c-25 -25 -9 -61 31 -69 20 -4 19 -25 0 -23 -7 1 -13 -1
-13 -5 1 -39 60 -26 60 14 0 20 -8 30 -37 43 -34 14 -35 16 -15 20 13 2 21 9
19 15 -5 17 -30 20 -45 5z"/>
<path d="M1204 730 l-21 -59 30 -11 c23 -8 33 -7 38 2 5 8 1 16 -11 20 -24 9
-24 10 -1 58 16 33 16 40 4 44 -8 3 -15 6 -16 6 -1 0 -11 -27 -23 -60z"/>
<path d="M1716 773 c-15 -4 -17 -11 -12 -41 3 -21 6 -50 6 -65 0 -22 4 -28 18
-25 10 2 16 11 14 21 -2 9 2 17 8 17 5 0 10 -4 10 -10 0 -5 9 -10 20 -10 24 0
26 13 5 30 -8 7 -20 30 -27 51 -6 22 -14 38 -17 38 -3 -1 -14 -3 -25 -6z"/>
<path d="M1294 733 c-3 -16 -10 -41 -15 -57 -7 -21 -6 -32 3 -37 18 -11 25 -3
31 38 3 21 9 48 13 61 5 16 2 22 -10 22 -9 0 -18 -11 -22 -27z"/>
<path d="M1628 752 c-30 -3 -38 -7 -38 -22 0 -12 5 -17 14 -14 15 6 26 -23 26
-69 0 -22 4 -28 18 -25 9 2 15 11 14 19 -13 53 -14 82 -2 89 22 14 6 25 -32
22z"/>
<path d="M1348 693 c-13 -44 -14 -59 -5 -65 7 -4 13 -1 15 7 4 20 22 19 22 0
0 -8 7 -15 15 -15 22 0 22 115 -1 124 -26 10 -28 8 -46 -51z"/>
<path d="M1443 675 c0 -49 3 -65 13 -65 9 0 14 13 15 38 l2 37 10 -37 c7 -26
16 -38 29 -38 16 0 18 9 18 65 0 51 -3 65 -15 65 -11 0 -15 -11 -15 -37 0 -28
-3 -34 -10 -23 -5 8 -10 25 -10 38 0 15 -6 22 -18 22 -16 0 -18 -9 -19 -65z"/>
</g>
</svg>
